2019
5780
6666
9305
1748
4941
3063
5923
1016
4483
1191
7909
3739
1748
8224
1910
4009
311
2432
7519
9632
4877
5414
2075
8580
9277
5808
9319
6793
3608
6983
2776
376
6983
6700
8940
7615
4108
7030
4974
5123
5434
6222
1123
3016
1235
2317
5302
6090
6323
3936
9153
3713
8643
647
5480
3591
619
8277
4531
7120
210
1158
4889
5978
8124
8407
6522
6167
1229
9487
3237
1746
4012
8645
1763
7817
9013
7750
3846
1287
9134
2606
6613
8972
6375
5086
910
3156
8285
354
3410
7141
1358
4398
6870
7299
3896
1530
580
1790
9452
8783
9093
3377
8570
6577
5107
1501
1147
9630
1892
1442
1654
7346
2882
9113
5995
1990
4171
4773
5577
3947
6109
25
8189
3563
2983
5296
9067
5258
3308
3554
5989
2676
977
4661
5024
4694
9152
224
1392
8805
2254
6513
3557
2738
539
675
7369
1826
5118
153
899
9931
2965
413
7430
6461
2500
5688
4617
1995
6793
7699
371
3465
4670
1967
9963
4550
6891
7985
7939
9399
1021
5986
6632
1627
5728
9937
4520
4984
1009
6880
3898
7091
6495
4050
7286
8803
8913
6121
137
7125
9593
3097
4163
8411
683
1657
5589
4011
8206
289
7641
6534
4041
8721
8983
4479
909
3265
6347
7959
7247
4756
8456
2881
4321
1596
6871
9616
9911
2270
6687
2721
9794
712
8032
6355
980
8932
7424
9432
2589
9594
5622
9463
7431
7096
8336
4270
8387
978
7401
4144
9681
1145
5205
2106
4419
310
1408
6960
804
4094
1497
610
9300
2025
8298
5277
414
9271
9985
3957
7317
7492
2212
5490
9863
4688
7379
6540
3335
6758
5081
6457
3643
3812
3763
5315
3780
1875
7051
9262
902
418
5144
804
3638
1070
1124
8649
9135
8688
9601
758
1521
7716
775
5981
7675
1083
4658
8973
238
9551
8902
5745
4457
3323
1161
7405
8643
970
484
9823
640
6199
8354
9855
9659
9680
9139
6866
1291
2977
2533
7937
5531
6138
9798
6567
5021
8627
1917
9098
744
1329
3082
8841
9781
9603
1594
887
3927
1290
18
7658
6570
3493
3604
8786
7143
2388
8760
7743
6800
9081
1494
5497
6815
7417
7772
5390
6493
40
6904
7165
5617
3611
9987
31
8663
1833
527
9341
6990
4426
8182
8165
1489
5543
5200
2732
7587
7201
7181
3172
7321
850
9002
3510
1285
5798
4668
9499
8216
8791
9685
6218
7914
7348
2288
9673
7980
1082
6244
5661
4105
1460
9014
4644
8289
8783
5950
3125
1369
2471
5380
4031
4271
1812
5888
3173
8825
6515
6744
2204
7770
8243
2915
8662
4516
3227
3994
9101
5180
5247
3003
9535
5583
2127
1841
9827
2311
7639
9581
1830
7058
9305
5391
5810
6847
306
4069
625
1368
5669
2839
5414
91
1278
1643
3129
8250
6038
3909
538
3957
8217
8968
6421
2725
3864
9824
628
3430
9225
6021
8232
2558
5141
6180
9923
7108
1827
8135
20
3536
7579
847
6030
5835
3245
1679
5749
1092
4067
1555
216
4484
3855
3346
3105
5566
1766
6631
8416
7978
2372
4113
7910
918
9905
3295
6057
7858
6608
1497
3977
1628
2443
7564
407
5915
8229
6029
8079
8630
1474
2057
8705
4392
8422
8065
8652
7518
7846
2046
7041
9429
3763
5958
3408
5442
5966
1933
9701
7292
8929
7927
5586
8777
1648
3777
7962
7793
102
9426
8783
6597
6802
5928
1760
1832
8150
3258
4435
2262
1097
3324
7092
8337
1018
6335
6729
2817
2028
9014
9360
7346
3037
1807
4869
2561
1358
9463
9374
4300
9349
9712
4099
3772
3907
7647
3905
1214
1118
1919
5723
7159
7956
197
6932
4109
2993
5218
5396
6883
1179
7998
5046
743
7707
116
6312
8033
4563
4192
7823
1153
568
2049
9121
6243
8298
1096
8923
9750
1194
3009
4401
5488
746
8944
9600
2632
371
1043
9308
8306
2098
807
233
1574
9597
9850
6914
9238
707
7603
6025
4185
5062
1309
7847
5065
9615
2088
222
7429
248
372
6902
332
6885
8401
8796
7288
4478
8609
979
2318
9202
2983
9220
1917
7193
8274
7554
7986
1138
2863
9065
7274
9346
7310
3338
6893
634
1583
3087
3808
8090
4799
2694
4723
1757
5429
3251
913
9002
6504
8618
8244
5598
7940
8183
4155
3156
6151
8880
1173
979
7745
4207
291
9753
3134
1345
6481
3388
8238
4036
555
4207
7214
2451
1477
5732
958
7839
7117
4870
9502
9051
7277
8885
3263
1193
98
2440
5256
958
7105
2571
872
8472
3781
9646
4179
3010
601
1191
4816
5118
2993
8516
3140
8438
957
4184
9745
9437
2251
7167
7007
230
181
3957
9533
9870
2516
2819
5694
6872
6824
6743
6336
6746
7078
3929
9573
7701
3354
9663
6283
3449
5296
5689
986
3896
2294
8245
6673
1712
4803
9589
4873
3291
7790
4002
9946
4500
4511
5715
9817
4969
5555
1557
580
1879
1935
8795
5986
9250
1575
6678
4843
5453
7692
8333
682
8845
6806
8118
1654
8804
773
6007
1450
739
3979
7513
6957
5570
434
5068
7566
8286
807
1477
56
6144
130
8703
5307
303
2614
8914
9815
2416
9658
7775
6876
2260
4675
3423
2755
4162
9544
5572
7140
2317
3645
9547
9105
9735
7925
3142
8852
922
2974
104
2878
1020
1716
2805
6437
1850
9388
5088
6360
7820
436
3810
1471
4253
9090
5620
8139
6561
5101
8589
2665
7640
6576
2712
92
9278
4462
3315
7408
9371
5876
3242
2377
3088
1080
9835
4086
7365
7053
3396
6295
9549
5540
3372
9508
4222
6501
310
1928
8552
4175
4644
7362
3147
9302
2160
1427
7943
9277
1730
8478
9200
9380
4962
8828
3974
9508
4834
7931
9953
2028
9671
1470
9600
3573
8019
2876
2011
9159
1314
3828
1932
6352
771
7053
3080
6974
3761
4090
9473
1862
356
1236
3893
7810
1623
6148
1788
4949
7739
5304
8498
2706
2081
6548
3399
5787
3516
8133
7899
1864
9232
2376
4137
3352
1625
1474
7948
6443
5642
9090
3206
4022